94027
94002
94005
94010
94014
94015
94019
94020
94021
94025
94030
94037
94038
94044
94303
94060
94028
94061
94062
94063
94065
94066
94070
94128
94074
94401
94402
94403
94404
94080
95002
95008
95013
95014
95020
95023
94550
94022
94024
95030
95032
95033
95035
95037
95140
94040
94041
94043
94301
94303
94304
94306
94028
95110
95111
95112
95113
95116
95117
95118
95119
95120
95121
95122
95123
95124
95125
95126
95127
95128
95129
95130
95131
95132
95133
95134
95135
95136
95138
95139
95148
95046
95050
95051
95054
95053
95070
94305
94085
94086
94087
94089
95076
94501
94502
94706
94702
94703
94704
94705
94707
94708
94709
94710
94720
94514
94546
94552
94505
94568
94608
94536
94538
94539
94555
94541
94542
94544
94545
94550
94551
94560
94601
94602
94603
94605
94606
94607
94609
94610
94611
94612
94618
94619
94621
94613
94566
94588
94577
94578
94579
94580
94586
95377
95391
94587
94102
94103
94104
94105
94107
94108
94109
94110
94111
94112
94114
94115
94116
94117
94118
94121
94122
94123
94124
94127
94129
94130
94131
94132
94133
94134
94158
